start=114.177000
volume=130.000000
